コマンド
描画座標
ブロック出現座標
ｘ636　ｙ173　ｗ25　ｈ25

ブロック左端
511　173　25　25

ブロック右端
736　173　25　25

水色ブロック
688　957　25　25

オレンジ
713　957　25　25

緑
738　957　25　25

ちび青ブロック
913　967　15　15

十字キー押されてない場合(隣に行くほど、ｘ＋＝227）
0　720　227　227

十字キー（フィールド上の座標）
47　424　227　227

LBボタン(フィールド上)
39　231　128　128

Aボタン(フィールド上)
1003　520　128　128

Bボタン(フィールド上)
1100　321　128　128

PAUSEボタン(フィールド上)
1062　82　128　64

LB押されてない場合
1280　464　128　128

押された場合
1280　592　128　128

Aボタン押されてない場合
1536　464　128　128

押された場合
464　+128

Bボタン押されてない場合
1664　464　128　128

PAUSEボタン押されてない場合
1920　336　128　64

押された場合
1920　400　128　64


メニュー枠（くろ）
1228　947　W237　H35

タイトル上座標
504　322　264　35

READY
1280　0　153　153

321（数字の描画座標)
1343　51　32　42

NEXTブロック
623　99　30　60（6マス）（1マス）15　15


小さい水色
913　967　15　15

オレンジ
928　967　15　15
よこに行くほど
X＋15

3
96　982　31　42

2
64　982　31　42

1
32　982　31　42

GO
1376　982　64　42

GO描画座標
1316　101　64　42

！！
1440　983　26　41

描画座標
1380　102　26　42